
**** Laminação Teste 1 ****
**** Resultados bactracking ****

Custo: 24
Rolos usados: [rolo 10mm, rolo 7mm]

**** Resultados guloso ****

Custo: 24
Rolos usados: [rolo 10mm, rolo 7mm, rolo 6mm, rolo 5mm]

**** Resultados progamação dinâmica ****
Custo: 24
Rolos usados: [rolo 10mm, rolo 7mm, rolo 6mm]

|   0|  10|   9|   8|   7|   6|   5|   4|
|   0|   0|1000|1000|1000|1000|1000|1000|
|  10|   0|   4|   6|   8|1000|1000|1000|
|   9|   0|   4|   6|   8|  13|1000|1000|
|   8|   0|   4|   6|   8|  13|  18|1000|
|   7|   0|   4|   6|   8|  12|  18|  24|
|   6|   0|   4|   6|   8|  12|  17|  24|
|   5|   0|   4|   6|   8|  12|  17|  24|

**** Laminação Teste 2 ****
**** Resultados bactracking ****

Custo: 51
Rolos usados: [rolo 15mm, rolo 12mm, rolo 11mm, rolo 10mm, rolo 9mm, rolo 8mm, rolo 7mm, rolo 6mm, rolo 5mm]

**** Resultados guloso ****

Custo: 51
Rolos usados: [rolo 15mm, rolo 12mm, rolo 11mm, rolo 10mm, rolo 9mm, rolo 8mm, rolo 7mm, rolo 6mm, rolo 5mm]

**** Resultados progamação dinâmica ****
Custo: 51
Rolos usados: [rolo 15mm, rolo 12mm, rolo 11mm, rolo 10mm, rolo 9mm, rolo 8mm, rolo 7mm, rolo 6mm, rolo 5mm]

|   0|  15|  14|  13|  12|  11|  10|   9|   8|   7|   6|   5|   4|
|   0|   0|1000|1000|1000|1000|1000|1000|1000|1000|1000|1000|1000|
|  15|   0|   4|   6|   8|1000|1000|1000|1000|1000|1000|1000|1000|
|  14|   0|   4|   6|   8|  13|1000|1000|1000|1000|1000|1000|1000|
|  13|   0|   4|   6|   8|  13|  18|1000|1000|1000|1000|1000|1000|
|  12|   0|   4|   6|   8|  12|  18|  24|1000|1000|1000|1000|1000|
|  11|   0|   4|   6|   8|  12|  17|  24|  29|1000|1000|1000|1000|
|  10|   0|   4|   6|   8|  12|  17|  22|  29|  36|1000|1000|1000|
|   9|   0|   4|   6|   8|  12|  17|  22|  27|  35|  44|1000|1000|
|   8|   0|   4|   6|   8|  12|  17|  22|  27|  32|  42|  50|1000|
|   7|   0|   4|   6|   8|  12|  17|  22|  27|  32|  38|  47|  57|
|   6|   0|   4|   6|   8|  12|  17|  22|  27|  32|  38|  44|  54|
|   5|   0|   4|   6|   8|  12|  17|  22|  27|  32|  38|  44|  51|

**** Laminação Teste 3 ****
**** Resultados bactracking ****

Custo: 57
Rolos usados: [rolo 20mm, rolo 17mm, rolo 14mm, rolo 11mm, rolo 10mm, rolo 9mm, rolo 8mm, rolo 7mm, rolo 6mm, rolo 5mm]

**** Resultados guloso ****

Custo: 58
Rolos usados: [rolo 20mm, rolo 19mm, rolo 18mm, rolo 16mm, rolo 13mm, rolo 11mm, rolo 10mm, rolo 9mm, rolo 8mm, rolo 7mm, rolo 6mm, rolo 5mm]

**** Resultados progamação dinâmica ****
Custo: 57
Rolos usados: [rolo 20mm, rolo 11mm, rolo 10mm, rolo 9mm, rolo 8mm, rolo 7mm, rolo 6mm, rolo 5mm]

|   0|  20|  19|  18|  17|  16|  15|  14|  13|  12|  11|  10|   9|   8|   7|   6|   5|   4|
|   0|   0|1000|1000|1000|1000|1000|1000|1000|1000|1000|1000|1000|1000|1000|1000|1000|1000|
|  20|   0|   1|   2|   3|1000|1000|1000|1000|1000|1000|1000|1000|1000|1000|1000|1000|1000|
|  19|   0|   1|   2|   3|   5|1000|1000|1000|1000|1000|1000|1000|1000|1000|1000|1000|1000|
|  18|   0|   1|   2|   3|   5|   7|1000|1000|1000|1000|1000|1000|1000|1000|1000|1000|1000|
|  17|   0|   1|   2|   3|   5|   7|   9|1000|1000|1000|1000|1000|1000|1000|1000|1000|1000|
|  16|   0|   1|   2|   3|   5|   7|   9|  12|1000|1000|1000|1000|1000|1000|1000|1000|1000|
|  15|   0|   1|   2|   3|   5|   7|   9|  12|  15|1000|1000|1000|1000|1000|1000|1000|1000|
|  14|   0|   1|   2|   3|   5|   7|   9|  12|  15|  18|1000|1000|1000|1000|1000|1000|1000|
|  13|   0|   1|   2|   3|   5|   7|   9|  12|  15|  18|  24|1000|1000|1000|1000|1000|1000|
|  12|   0|   1|   2|   3|   5|   7|   9|  12|  15|  18|  24|  31|1000|1000|1000|1000|1000|
|  11|   0|   1|   2|   3|   5|   7|   9|  12|  15|  18|  23|  30|  35|1000|1000|1000|1000|
|  10|   0|   1|   2|   3|   5|   7|   9|  12|  15|  18|  23|  28|  35|  42|1000|1000|1000|
|   9|   0|   1|   2|   3|   5|   7|   9|  12|  15|  18|  23|  28|  33|  41|  50|1000|1000|
|   8|   0|   1|   2|   3|   5|   7|   9|  12|  15|  18|  23|  28|  33|  38|  48|  56|1000|
|   7|   0|   1|   2|   3|   5|   7|   9|  12|  15|  18|  23|  28|  33|  38|  44|  53|  63|
|   6|   0|   1|   2|   3|   5|   7|   9|  12|  15|  18|  23|  28|  33|  38|  44|  50|  60|
|   5|   0|   1|   2|   3|   5|   7|   9|  12|  15|  18|  23|  28|  33|  38|  44|  50|  57|

**** Laminação Teste 4 ****
**** Resultados bactracking ****

Custo: 95
Rolos usados: [rolo 25mm, rolo 24mm, rolo 23mm, rolo 22mm, rolo 20mm, rolo 19mm, rolo 18mm, rolo 17mm, rolo 16mm, rolo 13mm, rolo 10mm, rolo 7mm]

**** Resultados guloso ****

Custo: 95
Rolos usados: [rolo 25mm, rolo 24mm, rolo 23mm, rolo 22mm, rolo 21mm, rolo 20mm, rolo 19mm, rolo 18mm, rolo 17mm, rolo 16mm, rolo 13mm, rolo 10mm, rolo 7mm]

**** Resultados progamação dinâmica ****
Custo: 95
Rolos usados: [rolo 25mm, rolo 24mm, rolo 23mm, rolo 22mm, rolo 20mm, rolo 19mm, rolo 18mm, rolo 17mm, rolo 13mm]

|   0|  25|  24|  23|  22|  21|  20|  19|  18|  17|  16|  15|  14|  13|  12|  11|  10|   9|   8|   7|   6|   5|   4|
|   0|   0|1000|1000|1000|1000|1000|1000|1000|1000|1000|1000|1000|1000|1000|1000|1000|1000|1000|1000|1000|1000|1000|
|  25|   0|   1|   3|   7|1000|1000|1000|1000|1000|1000|1000|1000|1000|1000|1000|1000|1000|1000|1000|1000|1000|1000|
|  24|   0|   1|   2|   4|   9|1000|1000|1000|1000|1000|1000|1000|1000|1000|1000|1000|1000|1000|1000|1000|1000|1000|
|  23|   0|   1|   2|   3|   6|  11|1000|1000|1000|1000|1000|1000|1000|1000|1000|1000|1000|1000|1000|1000|1000|1000|
|  22|   0|   1|   2|   3|   5|   7|  12|1000|1000|1000|1000|1000|1000|1000|1000|1000|1000|1000|1000|1000|1000|1000|
|  21|   0|   1|   2|   3|   5|   7|  10|  15|1000|1000|1000|1000|1000|1000|1000|1000|1000|1000|1000|1000|1000|1000|
|  20|   0|   1|   2|   3|   5|   7|   9|  13|  18|1000|1000|1000|1000|1000|1000|1000|1000|1000|1000|1000|1000|1000|
|  19|   0|   1|   2|   3|   5|   7|   9|  12|  16|  21|1000|1000|1000|1000|1000|1000|1000|1000|1000|1000|1000|1000|
|  18|   0|   1|   2|   3|   5|   7|   9|  12|  15|  21|  24|1000|1000|1000|1000|1000|1000|1000|1000|1000|1000|1000|
|  17|   0|   1|   2|   3|   5|   7|   9|  12|  15|  19|  24|  27|1000|1000|1000|1000|1000|1000|1000|1000|1000|1000|
|  16|   0|   1|   2|   3|   5|   7|   9|  12|  15|  19|  24|  27|  32|1000|1000|1000|1000|1000|1000|1000|1000|1000|
|  15|   0|   1|   2|   3|   5|   7|   9|  12|  15|  19|  24|  27|  32|  40|1000|1000|1000|1000|1000|1000|1000|1000|
|  14|   0|   1|   2|   3|   5|   7|   9|  12|  15|  19|  24|  27|  32|  40|  44|1000|1000|1000|1000|1000|1000|1000|
|  13|   0|   1|   2|   3|   5|   7|   9|  12|  15|  19|  24|  27|  32|  39|  44|  50|1000|1000|1000|1000|1000|1000|
|  12|   0|   1|   2|   3|   5|   7|   9|  12|  15|  19|  24|  27|  32|  39|  44|  50|  57|1000|1000|1000|1000|1000|
|  11|   0|   1|   2|   3|   5|   7|   9|  12|  15|  19|  24|  27|  32|  39|  44|  50|  57|  63|1000|1000|1000|1000|
|  10|   0|   1|   2|   3|   5|   7|   9|  12|  15|  19|  24|  27|  32|  39|  44|  50|  57|  63|  70|1000|1000|1000|
|   9|   0|   1|   2|   3|   5|   7|   9|  12|  15|  19|  24|  27|  32|  39|  44|  50|  57|  63|  70|  79|1000|1000|
|   8|   0|   1|   2|   3|   5|   7|   9|  12|  15|  19|  24|  27|  32|  39|  44|  50|  57|  63|  70|  79|  86|1000|
|   7|   0|   1|   2|   3|   5|   7|   9|  12|  15|  19|  24|  27|  32|  39|  44|  50|  57|  63|  70|  79|  86|  95|
|   6|   0|   1|   2|   3|   5|   7|   9|  12|  15|  19|  24|  27|  32|  39|  44|  50|  57|  63|  70|  79|  86|  95|
|   5|   0|   1|   2|   3|   5|   7|   9|  12|  15|  19|  24|  27|  32|  39|  44|  50|  57|  63|  70|  79|  86|  95|
